0
0
0
0
0
0
0
0
0
0
120
0
0
120
0
0
0
0
0
0
0
0
0
0
0
0
0
0
0
0
0
0
4930
25
0
0
0
0
0
0
15
15
0
0
311
22
233
0
1
2
0
0
1
0
0
0
0
0
99
3
0
0
0
44
0
61
24
64
30
7
9
14
66
194
3
4
18
18
8
23
35
2
13
55
53
2
70
36
0
10
2
0
0
0
0
0
0
1728
296
448
708
2403
328
554
1174
1415
37
229
831
546
1378
1627
325
10
1171
1380
2156
536
203
458
33
452
18
0
0
0
0
0
0
0
0
0
0
3
0
0
0
0
0
0
0
0
0
0
0
36
279
3
3
0
3
20
0
0
0
0
0
0
0
0
0
0
0
0
0
0
0
0
0
0
0
0
0
40
0
0
0
0
0
0
0
0
0
0
0
0
0
0
0
0
0
0
0
0
0
0
0
0
0
0
0
0
0
0
0
0
0
0
0
0
0
0
0
0
0
0
0
0
0
0
0
0
0
0
0
0
0
0
0
0
0
0
0
0
0
0
0
0
0
0
0
0
0
0
0
0
0
0
0
0
0
0
0
0
0
0
